3057
-0.011417
-0.009558
-0.010419
-0.009886
-0.006515
-0.010914
-0.005360
-0.008576
-0.004260
-0.003186
-0.007804
-0.013635
0.043914
0.033447
0.007295
0.014791
-0.037287
0.020374
-0.101453
-0.054531
-0.020403
-0.017887
-0.018544
-0.006355
-0.006786
-0.006799
-0.007340
-0.004178
-0.006921
-0.005021
-0.000136
-0.003873
-0.003524
-0.003036
-0.004054
0.000230
0.041759
0.018936
-0.017562
0.034842
0.023611
-0.000057
-0.006737
-0.011074
-0.010643
-0.000223
-0.000977
-0.006891
-0.003779
-0.001104
-0.001458
0.003110
-0.007511
-0.006073
-0.009140
-0.005075
0.000829
-0.008985
-0.009189
-0.009568
-0.014356
-0.018792
-0.013259
-0.017891
-0.016686
-0.019741
-0.014800
-0.014120
0.004399
-0.004851
0.004981
0.011394
0.011540
0.017091
0.002462
0.002363
0.005924
0.001466
-0.005451
-0.013015
-0.009957
-0.010464
-0.006523
-0.006596
-0.009057
-0.008135
-0.009067
-0.000206
-0.005123
-0.000949
-0.003875
-0.007392
-0.007683
-0.007853
-0.005008
-0.006301
-0.005971
-0.005161
-0.006035
-0.004797
-0.004416
-0.003972
-0.003244
-0.004533
-0.002978
0.013392
0.036778
0.015435
-0.075394
-0.080914
-0.084445
-0.051056
-0.018369
-0.035892
0.016763
0.016474
-0.007852
-0.027928
0.018044
-0.000902
-0.010027
-0.007439
-0.001946
-0.011966
-0.011024
-0.002384
-0.004657
-0.000976
-0.001904
-0.003470
-0.002991
-0.010388
-0.009483
-0.012225
-0.011130
-0.018603
-0.020634
-0.018513
-0.003361
-0.004832
0.003651
0.006706
0.007324
0.017613
0.020181
-0.009859
-0.009714
-0.016396
-0.004464
-0.004899
-0.010666
-0.005988
-0.004416
-0.031048
-0.036825
-0.041555
-0.008637
-0.009907
-0.010150
-0.011762
0.016866
0.013436
0.011028
0.023338
0.018954
0.019091
0.018160
-0.005220
-0.007723
-0.007672
-0.010089
0.008702
-0.041739
-0.007658
0.000631
-0.008677
-0.018347
-0.016787
0.021915
0.014617
0.010435
-0.007067
-0.009176
-0.002942
-0.021953
-0.008077
-0.006650
-0.008149
-0.004465
-0.012653
-0.011117
-0.010429
-0.012473
-0.011305
-0.020984
-0.019770
-0.004277
-0.005769
-0.006165
-0.009007
-0.005792
-0.005439
-0.005569
-0.082931
-0.097549
-0.060000
0.037576
-0.002213
-0.009996
-0.009599
-0.011725
-0.014065
-0.010666
0.005772
0.020842
-0.001838
-0.003521
-0.008220
-0.011065
-0.010715
-0.008744
-0.005725
-0.006712
-0.004104
0.018467
0.021552
0.034002
-0.013772
0.088011
0.045458
0.082503
-0.019191
-0.006304
-0.003547
-0.003667
-0.005507
-0.008177
-0.010430
-0.002171
0.027819
0.021922
0.020025
-0.029480
-0.002080
-0.010497
-0.006687
-0.007185
-0.005281
0.020837
-0.013944
0.071268
0.123448
0.001403
-0.013010
-0.005314
-0.007377
0.015597
0.028168
-0.017657
-0.007123
-0.009329
-0.007673
-0.007948
-0.004372
-0.008243
0.042306
0.123973
0.128529
-0.003200
-0.009072
-0.007422
-0.006008
0.000036
0.035254
0.026607
0.019853
0.028626
0.004077
-0.036478
-0.044581
-0.011491
-0.010765
-0.005403
-0.006189
0.000412
-0.021400
0.030307
-0.014074
0.006633
0.009495
-0.004711
-0.003461
-0.010653
-0.009047
-0.004756
-0.007202
-0.097736
0.072377
-0.011214
0.079449
0.001913
-0.029385
-0.005299
0.005635
0.040023
0.017072
-0.003665
-0.037005
-0.002009
-0.004905
-0.004979
-0.005870
-0.006854
0.025798
-0.003909
-0.006497
-0.006433
-0.007532
0.001561
-0.001943
0.006327
0.032970
0.055920
-0.021600
-0.006201
-0.008730
-0.005667
-0.005086
-0.005045
-0.007191
-0.004677
-0.004240
0.003082
-0.010219
0.025678
0.025233
0.051169
-0.021458
-0.003460
-0.004564
-0.009353
0.012925
0.020419
0.005106
0.011344
-0.002421
0.019208
0.019571
-0.028019
-0.002277
-0.006961
-0.006346
-0.007479
-0.005699
0.013858
0.002566
0.021330
-0.048476
0.077120
-0.010079
-0.009198
-0.001936
-0.005946
-0.009556
-0.009887
-0.007475
0.015328
0.050977
0.016406
-0.004337
-0.003451
-0.004159
-0.011083
-0.010283
-0.008513
-0.009134
-0.008668
-0.005250
-0.007541
-0.008512
-0.107839
-0.001693
0.058493
-0.000341
-0.002642
-0.003249
-0.008154
-0.009043
-0.009544
-0.008589
0.029301
0.029552
0.009275
0.006713
-0.033977
-0.002501
-0.004767
-0.004975
0.001969
0.000982
-0.007455
-0.003333
0.018711
0.021704
0.000034
0.056811
0.065151
0.039880
-0.000434
-0.005114
-0.006599
-0.005201
0.003923
-0.011707
0.049751
0.017120
-0.002172
-0.004246
-0.009273
-0.017061
0.036287
-0.025308
-0.003286
-0.003985
-0.005427
-0.009210
-0.009314
-0.004835
-0.004935
-0.004457
0.012347
-0.037910
0.026062
0.037259
0.004104
-0.007510
-0.006697
-0.010717
-0.012610
0.001378
0.018190
0.003420
0.008872
-0.021669
0.075969
-0.007571
-0.008256
-0.006125
-0.005234
-0.004369
-0.006704
0.024503
-0.017010
-0.000675
-0.005702
-0.007510
0.028659
0.025558
-0.022885
-0.003810
0.060192
-0.007022
-0.004808
-0.006930
-0.005165
-0.004738
-0.004287
-0.000711
0.012295
0.009212
-0.028994
-0.011223
-0.002370
-0.009848
-0.004325
0.007653
0.018330
0.015686
-0.023575
0.028868
-0.003482
-0.002130
-0.004719
-0.009073
-0.005716
0.002964
-0.045747
-0.063545
0.002911
-0.001997
0.010997
0.021092
0.012846
-0.003240
-0.021235
0.005120
-0.004574
-0.006102
-0.007223
-0.009418
-0.007985
-0.006443
-0.004822
-0.003048
-0.010610
0.017462
-0.005695
-0.015170
-0.006866
-0.005350
0.000319
0.025020
-0.004188
0.051524
-0.024845
0.060716
-0.006714
-0.024668
-0.007507
-0.004152
-0.002442
-0.004680
-0.003846
0.014674
-0.019610
0.022933
-0.004161
-0.008745
-0.007184
0.001597
0.025163
0.024514
-0.003481
-0.004945
-0.004654
-0.008076
-0.006150
-0.004672
-0.003106
0.007888
0.004349
-0.033592
-0.039434
0.048979
-0.000522
0.001174
-0.009137
-0.011133
-0.013296
0.009841
-0.010105
-0.017855
0.023671
-0.004304
-0.003878
-0.005976
-0.004930
-0.004163
0.016714
0.010103
-0.007501
-0.002450
0.008101
-0.000362
0.019676
0.054192
-0.026157
-0.009991
-0.006782
-0.008444
-0.005713
-0.003664
-0.005564
-0.003794
-0.003296
-0.003916
0.014441
0.004620
0.007880
0.002728
-0.012830
-0.010956
0.013456
-0.015634
-0.023808
0.062066
0.038090
-0.033793
0.009945
-0.004553
-0.004709
-0.029321
0.000991
0.005758
0.002663
0.011457
0.022410
-0.010416
-0.022305
0.025339
0.031509
0.007040
-0.008023
-0.006730
-0.005796
-0.005275
-0.006087
-0.004096
-0.003636
0.000086
0.004459
-0.085564
-0.014636
0.009499
-0.007943
-0.011299
-0.007140
0.002923
0.006030
-0.010455
-0.023925
-0.013251
-0.005280
-0.010170
-0.004659
-0.002595
-0.007570
-0.005287
-0.002929
-0.002640
0.007647
0.006906
-0.050625
-0.000093
0.005003
-0.002030
-0.008411
-0.011156
-0.011318
-0.006763
-0.006753
-0.016261
-0.019873
-0.017507
-0.015944
-0.006218
-0.003617
-0.004339
-0.006043
-0.004766
-0.003646
-0.001580
0.002083
-0.012270
-0.002745
0.010303
0.005406
-0.005774
-0.016434
-0.018147
0.011841
-0.008485
-0.002431
-0.006043
-0.048058
-0.000686
0.000619
-0.004336
-0.006312
-0.004542
-0.007060
-0.007579
-0.001725
-0.000897
0.025400
-0.000801
-0.007071
-0.005843
-0.005139
-0.006153
-0.005266
-0.004473
-0.006229
-0.003645
-0.003803
-0.006248
-0.008255
-0.019436
0.008025
0.002180
-0.000990
-0.010963
-0.014023
-0.006654
-0.005222
-0.005211
-0.004058
-0.003948
-0.005277
-0.004284
-0.002499
-0.004288
-0.007651
0.009064
-0.005772
-0.000532
0.006896
-0.007616
-0.010779
-0.016687
-0.022642
0.004070
0.011543
-0.011665
-0.005827
-0.002885
-0.004477
-0.004194
-0.003894
-0.005552
-0.005733
0.001119
-0.031833
-0.017660
0.002999
-0.006559
-0.006348
-0.018116
-0.012518
-0.006795
0.002630
-0.006176
-0.007406
-0.006314
-0.004125
-0.005529
-0.005871
-0.000140
-0.043091
-0.010224
-0.012373
-0.007387
0.001188
-0.002395
-0.008740
-0.023270
-0.019299
-0.024003
-0.022368
-0.008280
-0.015291
-0.005547
-0.005080
-0.005588
-0.000594
-0.048786
-0.019077
-0.009519
-0.016714
0.000183
0.004084
0.000938
-0.002380
-0.005105
-0.008658
-0.023488
-0.019727
-0.014875
-0.012977
-0.024062
-0.020450
-0.020267
-0.004532
-0.004986
0.002907
-0.013173
-0.007221
0.005992
-0.000063
-0.004200
-0.008871
-0.004960
-0.005156
-0.009519
-0.013390
-0.031072
-0.029414
-0.021873
-0.021619
-0.016858
-0.006155
-0.007637
-0.005422
-0.005928
-0.004843
-0.005043
-0.005328
-0.004436
-0.003948
-0.006292
0.004444
0.000594
-0.009654
-0.017717
-0.027827
-0.006085
-0.005510
-0.006871
-0.008778
-0.010183
-0.011422
0.001392
-0.009234
-0.015792
-0.020581
-0.033421
-0.022981
-0.025452
-0.005489
-0.006894
-0.007063
-0.007145
-0.006246
-0.000367
-0.029448
-0.013756
0.000328
0.001012
-0.001419
-0.005496
-0.008271
-0.007775
-0.005310
-0.008757
-0.027998
-0.030815
-0.025403
-0.023495
-0.029746
-0.015715
-0.005742
-0.007163
-0.006290
-0.005464
-0.005104
0.003677
0.008388
-0.013118
-0.011126
-0.000956
-0.025851
-0.020432
-0.019046
-0.024827
-0.007124
-0.008452
-0.007358
-0.006902
-0.005601
-0.005777
-0.006072
-0.008887
-0.007376
-0.006609
-0.002839
0.001661
-0.002410
-0.005404
-0.013225
-0.011007
0.001807
0.002179
-0.004377
-0.007319
-0.005913
-0.007780
-0.021224
-0.025054
-0.022755
-0.025952
-0.024325
-0.007764
-0.005730
-0.006609
-0.006581
-0.007026
-0.005634
-0.007678
-0.007783
-0.010352
-0.005837
-0.008938
-0.026058
-0.021890
-0.022100
-0.016183
-0.004250
-0.006963
-0.006820
-0.007766
-0.009396
0.002022
-0.001121
0.003509
-0.000155
-0.002632
-0.007411
-0.014728
-0.022386
-0.021698
-0.021940
-0.024433
-0.007674
-0.008947
-0.008178
-0.010399
0.006806
-0.002082
-0.013196
-0.030538
-0.006603
-0.007601
0.001423
-0.004476
-0.006300
-0.012406
-0.013235
-0.007749
-0.025192
-0.031435
-0.010033
-0.007272
-0.008646
-0.007188
-0.008215
-0.002828
0.000337
0.001197
-0.000303
-0.015273
-0.016210
-0.014689
-0.006516
-0.006583
-0.007462
-0.008719
-0.009484
-0.008275
-0.010538
0.001140
-0.015620
-0.009570
0.001533
0.002842
0.002348
-0.001604
-0.002587
-0.014281
-0.021677
-0.017186
-0.015441
-0.017016
-0.015918
-0.015854
-0.010036
-0.007990
-0.008438
-0.006944
-0.008631
-0.008149
0.003337
0.001232
-0.001830
-0.006660
-0.004965
-0.006103
-0.004518
-0.012876
-0.014535
-0.018533
-0.022641
-0.014396
-0.009359
-0.008175
-0.007628
-0.008562
-0.007532
-0.009364
-0.008367
-0.005031
-0.025562
-0.005480
0.001104
0.001502
-0.004767
-0.007489
-0.017601
-0.016284
-0.021769
-0.007696
-0.008253
-0.009458
-0.009258
-0.009419
-0.010049
-0.007482
-0.009060
0.002202
0.001241
0.001568
-0.003853
-0.005137
-0.013116
-0.017744
-0.010096
-0.009990
-0.008228
-0.009419
-0.019703
-0.005758
0.001825
-0.005497
-0.007123
-0.018290
-0.007363
-0.008135
-0.010207
-0.009588
-0.011003
-0.001514
0.000512
-0.003597
-0.000894
-0.002503
-0.002526
0.000084
0.000873
0.001431
0.001871
-0.000266
-0.004895
-0.004433
-0.006799
-0.010107
-0.014077
-0.008832
-0.008859
-0.009141
-0.008754
-0.008997
-0.010225
-0.006025
-0.003270
0.000398
-0.004672
-0.004741
-0.002520
0.001569
0.001043
0.001861
-0.000052
-0.001816
-0.003552
-0.003489
-0.004761
-0.010058
-0.010168
-0.014865
-0.011518
-0.006660
-0.009572
-0.009267
-0.008684
-0.009809
-0.005011
-0.000702
-0.002957
-0.004687
-0.009817
-0.010302
-0.012048
-0.007695
-0.008457
-0.009490
-0.009107
-0.010043
-0.009060
-0.011137
-0.010712
-0.008617
-0.011698
-0.006161
-0.002777
-0.002129
-0.003668
-0.006357
-0.010052
-0.009226
-0.012495
-0.010763
-0.009212
-0.010380
-0.002659
-0.002023
-0.001929
-0.002824
-0.006510
-0.005434
-0.011194
-0.010521
-0.010572
-0.010457
-0.009788
-0.011081
-0.009102
-0.003279
-0.003441
-0.004047
-0.004580
0.000238
-0.004127
-0.002643
-0.009203
-0.007095
-0.004522
-0.010984
-0.007123
-0.010599
-0.010589
-0.009949
-0.009325
-0.005522
-0.003679
-0.004794
-0.006032
-0.002203
-0.003886
-0.001668
0.000534
0.000274
-0.005002
-0.005114
-0.003563
-0.006627
-0.005805
-0.004492
-0.007378
-0.010095
-0.003517
-0.009214
-0.010220
-0.007451
-0.007210
-0.003624
-0.004671
-0.003084
-0.003930
-0.001188
-0.000084
-0.007068
-0.005816
-0.009069
-0.005293
-0.006966
-0.009982
-0.013415
-0.011114
-0.010895
-0.010288
-0.009157
-0.009190
-0.008771
-0.005678
-0.002085
-0.006243
-0.003451
-0.006408
-0.005651
-0.005868
-0.008909
-0.005820
-0.007059
-0.013941
-0.013289
-0.010610
-0.010500
-0.010565
-0.008474
-0.004335
-0.004267
-0.003582
-0.006485
-0.006863
-0.005972
-0.003374
-0.003639
-0.002754
-0.003682
-0.002684
-0.005018
-0.006102
-0.007494
-0.008413
-0.005442
-0.007879
-0.009227
-0.010810
-0.012117
-0.009410
-0.006511
-0.002502
-0.001595
-0.002625
-0.000340
-0.009558
-0.004077
-0.005082
-0.002266
-0.001202
-0.005077
-0.010948
-0.012654
-0.011416
-0.012245
-0.004785
-0.006669
-0.006865
-0.005035
-0.003841
-0.001700
-0.005713
-0.006220
-0.004639
-0.011803
-0.009321
-0.011356
-0.009115
-0.009447
-0.008414
-0.006351
-0.006006
-0.007110
-0.009430
-0.005093
-0.004824
-0.003783
-0.001029
-0.004346
-0.008656
-0.006821
-0.004842
-0.005440
-0.011643
-0.008287
-0.008619
-0.009440
-0.009254
-0.009233
-0.006875
-0.002261
-0.007758
-0.001826
-0.002700
-0.006210
-0.008186
-0.006392
-0.007675
-0.007442
-0.007390
-0.003289
-0.003559
-0.003753
-0.007863
-0.008972
-0.011993
-0.011995
-0.005248
-0.004404
-0.003402
-0.010681
-0.005557
-0.003374
-0.007170
-0.005752
-0.004943
-0.002741
-0.003567
-0.005330
-0.006573
-0.010499
-0.009645
-0.003723
-0.006919
-0.007187
-0.005063
-0.004819
0.000754
-0.001334
-0.005489
-0.008002
-0.007281
-0.007930
-0.008734
-0.003543
-0.005561
-0.010721
-0.031745
-0.015398
-0.007851
-0.007172
-0.009839
-0.006333
-0.005206
-0.003630
-0.008840
-0.006619
-0.004544
-0.005198
-0.010029
-0.011526
-0.009656
-0.010041
-0.012394
-0.008637
-0.004498
-0.007109
-0.004968
-0.008007
-0.010408
-0.008684
-0.008002
-0.003221
-0.002820
-0.005678
-0.007401
-0.004776
-0.007644
-0.006695
-0.004557
-0.004511
-0.013344
-0.011497
-0.012010
-0.012270
-0.010971
-0.002916
-0.007389
-0.008240
-0.009485
-0.007762
-0.007880
-0.012822
-0.011456
-0.008946
-0.009325
-0.009960
-0.013024
-0.009921
-0.002243
-0.003708
-0.011578
-0.003896
-0.008672
-0.007418
-0.011194
-0.013558
-0.012767
-0.010591
-0.009703
-0.004844
-0.001524
-0.003722
-0.008000
-0.006505
-0.010183
-0.008794
-0.006314
-0.004487
-0.006497
-0.009454
-0.011594
-0.008177
-0.008544
-0.005675
-0.008857
-0.006394
-0.004791
-0.003561
-0.009626
-0.010500
-0.008358
-0.008626
-0.010086
-0.006106
-0.005901
-0.007855
-0.004010
-0.007006
-0.010195
-0.016646
-0.013008
-0.011736
-0.011250
-0.009528
-0.009652
-0.006378
-0.010242
-0.007525
-0.005252
-0.007507
-0.009577
-0.008482
-0.008652
-0.009452
-0.009468
-0.008458
-0.007845
-0.009749
-0.011623
-0.009194
-0.004323
-0.002283
-0.002375
-0.005584
-0.008575
-0.013007
-0.010309
-0.006147
-0.003864
-0.004650
-0.004468
-0.009077
-0.007091
-0.007758
-0.006910
-0.006593
-0.006988
-0.008731
-0.011408
-0.007471
-0.012850
-0.011476
-0.013153
-0.010093
-0.009123
-0.003519
-0.002685
-0.004699
-0.005906
-0.008076
-0.007120
-0.010973
-0.006515
-0.004969
-0.004621
-0.004405
-0.006409
-0.007577
-0.007723
-0.009549
-0.007475
-0.009717
-0.012515
-0.011560
-0.010470
-0.011095
-0.011399
-0.010497
-0.009989
-0.004442
-0.003460
-0.007900
-0.004613
-0.005204
-0.003746
-0.005756
-0.006001
-0.010345
-0.010211
-0.010746
-0.008533
-0.008052
-0.009042
-0.009892
-0.011178
-0.011633
-0.007143
-0.007459
-0.006130
-0.005045
-0.005049
-0.009531
-0.009995
-0.007348
-0.009347
-0.009138
-0.010899
-0.012032
-0.012813
-0.012422
-0.011071
-0.009406
-0.009950
-0.009205
-0.004483
-0.005746
-0.011016
-0.008112
-0.010518
-0.006573
-0.008146
-0.008948
-0.012112
-0.014378
-0.010938
-0.012629
-0.011229
-0.010383
-0.010125
-0.009040
-0.009786
-0.002968
-0.003684
-0.005366
-0.004421
-0.006109
-0.009315
-0.008844
-0.006944
-0.008468
-0.013293
-0.014981
-0.011052
-0.010535
-0.010252
-0.011378
-0.009526
-0.009580
-0.006857
-0.004453
-0.008315
-0.010987
-0.005838
-0.005749
-0.008718
-0.008382
-0.010109
-0.011867
-0.010049
-0.011316
-0.009673
-0.009640
-0.010145
-0.008908
-0.006958
-0.005447
-0.005137
-0.005989
-0.007329
-0.007113
-0.005483
-0.004944
-0.005778
-0.005873
-0.007049
-0.008519
-0.007525
-0.015541
-0.012443
-0.011228
-0.011402
-0.009571
-0.010066
-0.004152
-0.006919
-0.004435
-0.004514
-0.005940
-0.010146
-0.009168
-0.010421
-0.007068
-0.010089
-0.015715
-0.013068
-0.012299
-0.012238
-0.011283
-0.012927
-0.010043
-0.011628
-0.004005
-0.005547
-0.005673
-0.006042
-0.008756
-0.009327
-0.009669
-0.011868
-0.015720
-0.008436
-0.010578
-0.010172
-0.009195
-0.010338
-0.009650
-0.009208
-0.005478
-0.006183
-0.003892
-0.008146
-0.007573
-0.007548
-0.006709
-0.006071
-0.012625
-0.014421
-0.013981
-0.013985
-0.014940
-0.011223
-0.009379
-0.006331
-0.005141
-0.006578
-0.005651
-0.003215
-0.004315
-0.004220
-0.005708
-0.006162
-0.007228
-0.014691
-0.014492
-0.008473
-0.009600
-0.011071
-0.009969
-0.010198
-0.006884
-0.005644
-0.005234
-0.008677
-0.010470
-0.010805
-0.008369
-0.009350
-0.011564
-0.010677
-0.015574
-0.015459
-0.009995
-0.011173
-0.011112
-0.011899
-0.009886
-0.009433
-0.008377
-0.006509
-0.005547
-0.006515
-0.007305
-0.006543
-0.005817
-0.006950
-0.009195
-0.015033
-0.012664
-0.012914
-0.012736
-0.011805
-0.009686
-0.010030
-0.010622
-0.009437
-0.008404
-0.007137
-0.010235
-0.005849
-0.013900
-0.011883
-0.013732
-0.013115
-0.011200
-0.012717
-0.010802
-0.010197
-0.010029
-0.008597
-0.006447
-0.007209
-0.007607
-0.007962
-0.008321
-0.008294
-0.009958
-0.009173
-0.007451
-0.005217
-0.014154
-0.014749
-0.011067
-0.010983
-0.010455
-0.009751
-0.009271
-0.009268
-0.008041
-0.008170
-0.006152
-0.006386
-0.007212
-0.005077
-0.005568
-0.004657
-0.006178
-0.005374
-0.007097
-0.009867
-0.007106
-0.009056
-0.012103
-0.014045
-0.013946
-0.010594
-0.010345
-0.011165
-0.009271
-0.010833
-0.010717
-0.009414
-0.005853
-0.007882
-0.007957
-0.006547
-0.005392
-0.010915
-0.010957
-0.010602
-0.009576
-0.009694
-0.007686
-0.007969
-0.005285
-0.005824
-0.006240
-0.007624
-0.011433
-0.016562
-0.011550
-0.008887
-0.007194
-0.008968
-0.011525
-0.010057
-0.011296
-0.010152
-0.007223
-0.009642
-0.009032
-0.005616
-0.006592
-0.006365
-0.006787
-0.011834
-0.009746
-0.010170
-0.011563
-0.011363
-0.010083
-0.009329
-0.014779
-0.008333
-0.007728
-0.008107
-0.009701
-0.008725
-0.010156
-0.014888
-0.013844
-0.010897
-0.011878
-0.009533
-0.009780
-0.008224
-0.011232
-0.010935
-0.008253
-0.007524
-0.006415
-0.014135
-0.016605
-0.013331
-0.012252
-0.009991
-0.011287
-0.011392
-0.009177
-0.008499
-0.007675
-0.008252
-0.011033
-0.009931
-0.009970
-0.009266
-0.008662
-0.010343
-0.007578
-0.013011
-0.013648
-0.008898
-0.010573
-0.010968
-0.009660
-0.008303
-0.009183
-0.008725
-0.007970
-0.011106
-0.009371
-0.011195
-0.010403
-0.009634
-0.007461
-0.006378
-0.007768
-0.009311
-0.012612
-0.010796
-0.012389
-0.009003
-0.008732
-0.010971
-0.010322
-0.011212
-0.008961
-0.008311
-0.006643
-0.007318
-0.006332
-0.009557
-0.010817
-0.006145
-0.007301
-0.009469
-0.008964
-0.013413
-0.013185
-0.014239
-0.011953
-0.007873
-0.009804
-0.012121
-0.012551
-0.010868
-0.011424
-0.010238
-0.008489
-0.009473
-0.012125
-0.014866
-0.009067
-0.009162
-0.005173
-0.007182
-0.012540
-0.012749
-0.012983
-0.008193
-0.008818
-0.009506
-0.008456
-0.010009
-0.010404
-0.009762
-0.009623
-0.010532
-0.009007
-0.009909
-0.011126
-0.009352
-0.009207
-0.010770
-0.008254
-0.008409
-0.007964
-0.008971
-0.013277
-0.012951
-0.007702
-0.008398
-0.008989
-0.008121
-0.011335
-0.009514
-0.009206
-0.007589
-0.007993
-0.008687
-0.009606
-0.007876
-0.008012
-0.009528
-0.010948
-0.009729
-0.012604
-0.010727
-0.012914
-0.012332
-0.013073
-0.014045
-0.013095
-0.012068
-0.011864
-0.010634
-0.010787
-0.009523
-0.010839
-0.010016
-0.009154
-0.011986
-0.010494
-0.011419
-0.006436
-0.008433
-0.009598
-0.013752
-0.012191
-0.014152
-0.007827
-0.007839
-0.011711
-0.010692
-0.011406
-0.013267
-0.007783
-0.007908
-0.006801
-0.008944
-0.010301
-0.008700
-0.006046
-0.011936
-0.012122
-0.010567
-0.011305
-0.008609
-0.008637
-0.010752
-0.012353
-0.011929
-0.011342
-0.010817
-0.013604
-0.009184
-0.007534
-0.009694
-0.011560
-0.009465
-0.006814
-0.008439
-0.010156
-0.008934
-0.009087
-0.008202
-0.007877
-0.009861
-0.012669
-0.011976
-0.008474
-0.010386
-0.013755
-0.008271
-0.008576
-0.010274
-0.010880
-0.012252
-0.014689
-0.015093
-0.008451
-0.008869
-0.011707
-0.010490
-0.011298
-0.014922
-0.011173
-0.007531
-0.009742
-0.008370
-0.007835
-0.007788
-0.009632
-0.011332
-0.012415
-0.013762
-0.010754
-0.015276
-0.008216
-0.007997
-0.011704
-0.010600
-0.010756
-0.010240
-0.008506
-0.012807
-0.014468
-0.008225
-0.008542
-0.007130
-0.008344
-0.010641
-0.011445
-0.010083
-0.012426
-0.007506
-0.010734
-0.010150
-0.012922
-0.011613
-0.011039
-0.011352
-0.011153
-0.011775
-0.010028
-0.011446
-0.008025
-0.009580
-0.006906
-0.007855
-0.009164
-0.009906
-0.011008
-0.011374
-0.012484
-0.012798
-0.007739
-0.008300
-0.008202
-0.012807
-0.011849
-0.011207
-0.011818
-0.013358
-0.011194
-0.008794
-0.010409
-0.009022
-0.006686
-0.006379
-0.009359
-0.010399
-0.009428
-0.015165
-0.008088
-0.009143
-0.007806
-0.010276
-0.010174
-0.016641
-0.016807
-0.010020
-0.008935
-0.010703
-0.011521
-0.009124
-0.014354
-0.008850
-0.009742
-0.008002
-0.009121
-0.008555
-0.011721
-0.012907
-0.012522
-0.011911
-0.012432
-0.011396
-0.013835
-0.012658
-0.011804
-0.012466
-0.009219
-0.009870
-0.016846
-0.010128
-0.008319
-0.009732
-0.010447
-0.010493
-0.010279
-0.011557
-0.010877
-0.016112
-0.015111
-0.012743
-0.010821
-0.010796
-0.011066
-0.012591
-0.009503
-0.009570
-0.007116
-0.005782
-0.010194
-0.010902
-0.010594
-0.015562
-0.011558
-0.012327
-0.010664
-0.013021
-0.012123
-0.012106
-0.010055
-0.008364
-0.006698
-0.011323
-0.010737
-0.009818
-0.012994
-0.014347
-0.007960
-0.012115
-0.010946
-0.011550
-0.016243
-0.016250
-0.013813
-0.009823
-0.009957
-0.008867
-0.009325
-0.004524
-0.010080
-0.011045
-0.009845
-0.010022
-0.011625
-0.010802
-0.008532
-0.008015
-0.007150
-0.006751
-0.008568
-0.010830
-0.010767
-0.012403
-0.011776
-0.011481
-0.010869
-0.011026
-0.010315
-0.012197
-0.013348
-0.014736
-0.013412
-0.005794
-0.008507
-0.009129
-0.011289
-0.015683
-0.014033
-0.006752
-0.010986
-0.015139
-0.011705
-0.011394
-0.011562
-0.011829
-0.012251
-0.009639
-0.007461
-0.006297
-0.010025
-0.010617
-0.006465
-0.010229
-0.011860
-0.012821
-0.010565
-0.010782
-0.011571
-0.011673
-0.014581
-0.011634
-0.010596
-0.007801
-0.007015
-0.009871
-0.009869
-0.012435
-0.010445
-0.010760
-0.012523
-0.013280
-0.009269
-0.009527
-0.011654
-0.010759
-0.008511
-0.009011
-0.005224
-0.007616
-0.011238
-0.010651
-0.013800
-0.013968
-0.008286
-0.006946
-0.007604
-0.008077
-0.007372
-0.014244
-0.010983
-0.010761
-0.014049
-0.013618
-0.014462
-0.009420
-0.008855
-0.009590
-0.011372
-0.012514
-0.010228
-0.013359
-0.012231
-0.011292
-0.011123
-0.011855
-0.015311
-0.010910
-0.009032
-0.007027
-0.010006
-0.011490
-0.011345
-0.011754
-0.014086
-0.008889
-0.013289
-0.013006
-0.011439
-0.012112
-0.011908
-0.011338
-0.011892
-0.011524
-0.016404
-0.015257
-0.015553
-0.010161
-0.008267
-0.010136
-0.010461
-0.009934
-0.011427
-0.012321
-0.011225
-0.014140
-0.014356
-0.009363
-0.009779
-0.013075
-0.012053
-0.008391
-0.007856
-0.010170
-0.008848
-0.009342
-0.008703
-0.009200
-0.010787
-0.006990
-0.011900
-0.011853
-0.011829
-0.011835
-0.011450
-0.011408
-0.009361
-0.008069
-0.008064
-0.009295
-0.011087
-0.010381
-0.011739
-0.006941
-0.007179
-0.008944
-0.010573
-0.012876
-0.011796
-0.010976
-0.012187
-0.009711
-0.015097
-0.014255
-0.013066
-0.009422
-0.008512
-0.007333
-0.008537
-0.008379
-0.006853
-0.009200
-0.009433
-0.010713
-0.013627
-0.014923
-0.014298
-0.008550
-0.008166
-0.011479
-0.012596
-0.009415
-0.007044
-0.007959
-0.009419
-0.009410
-0.008793
-0.009969
-0.011206
-0.013217
-0.014396
-0.010908
-0.010105
-0.012824
-0.012844
-0.010564
-0.011611
-0.014292
-0.012247
-0.007456
-0.008629
-0.009364
-0.007671
-0.008078
-0.008069
-0.012058
-0.011546
-0.011670
-0.012270
-0.012153
-0.012352
-0.009818
-0.009139
-0.011326
-0.010525
-0.016709
-0.017682
-0.008684
-0.006360
-0.008840
-0.009756
-0.014356
-0.014761
-0.013818
-0.007412
-0.009249
-0.010253
-0.010198
-0.011392
-0.011079
-0.012163
-0.013102
-0.012026
-0.012449
-0.010777
-0.010656
-0.016072
-0.017129
-0.015610
-0.011945
-0.007579
-0.008389
-0.009764
-0.014388
-0.008271
-0.012526
-0.011141
-0.013243
-0.010284
-0.009102
-0.008321
-0.007277
-0.008232
-0.008888
-0.008701
-0.010725
-0.012624
-0.010025
-0.008317
-0.007976
-0.010916
-0.013936
-0.011313
-0.009083
-0.010485
-0.017785
-0.015832
-0.008180
-0.006236
-0.008518
-0.009551
-0.009949
-0.011526
-0.012258
-0.013427
-0.013675
-0.008803
-0.007957
-0.010175
-0.010512
-0.010731
-0.012922
-0.011859
-0.012426
-0.011489
-0.010786
-0.019301
-0.010963
-0.006106
-0.007853
-0.008551
-0.009946
-0.014566
-0.007516
-0.009871
-0.008734
-0.011974
-0.012609
-0.010900
-0.015334
-0.015559
-0.013435
-0.008425
-0.009528
-0.008603
-0.009208
-0.009418
-0.009400
-0.010716
-0.014256
-0.013567
-0.013051
-0.007327
-0.011805
-0.012133
-0.014409
-0.012489
-0.012262
-0.011835
-0.012812
-0.010731
-0.008102
-0.007616
-0.006013
-0.007366
-0.007713
-0.009618
-0.009189
-0.010421
-0.014167
-0.009614
-0.009696
-0.013210
-0.013328
-0.011259
-0.010704
-0.016588
-0.014209
-0.006363
-0.006071
-0.005996
-0.009500
-0.009203
-0.007628
-0.011341
-0.010072
-0.013702
-0.013086
-0.012948
-0.012224
-0.013223
-0.009498
-0.010078
-0.012095
-0.011298
-0.010403
-0.010396
-0.013319
-0.006525
-0.008322
-0.009359
-0.007483
-0.012945
-0.013408
-0.009074
-0.012048
-0.012339
-0.012581
-0.007536
-0.010371
-0.014720
-0.010631
-0.009615
-0.010037
-0.011686
-0.014561
-0.013068
-0.012493
-0.011617
-0.012313
-0.013143
-0.011175
-0.012284
-0.010211
-0.008008
-0.010856
-0.009853
-0.008891
-0.011195
-0.010553
-0.010597
-0.008604
-0.013480
-0.013078
-0.010809
-0.011928
-0.010332
-0.006792
-0.006851
-0.006686
-0.006820
-0.007894
-0.007228
-0.008796
-0.009348
-0.010071
-0.011785
-0.012455
-0.011279
-0.009768
-0.013011
-0.012861
-0.012774
-0.013057
-0.011881
-0.010774
-0.012560
-0.015099
-0.013173
-0.013078
-0.011052
-0.011692
-0.010486
-0.013560
-0.013146
-0.012939
-0.012570
-0.011150
-0.010343
-0.010694
-0.006790
-0.006019
-0.008876
-0.011019
-0.007013
-0.007292
-0.012623
-0.013256
-0.009902
-0.009347
-0.010846
-0.011810
-0.012594
-0.013623
-0.012679
-0.012306
-0.011730
-0.007759
-0.006214
-0.007136
-0.008409
-0.009645
-0.011038
-0.010279
-0.012275
-0.011039
-0.010947
-0.009803
-0.010051
-0.014117
-0.012603
-0.013126
-0.011066
-0.009780
-0.010403
-0.009113
-0.008983
-0.009241
-0.008058
-0.009595
-0.011690
-0.013249
-0.011263
-0.012672
-0.012232
-0.013759
-0.011877
-0.011114
-0.010909
-0.010043
-0.007119
-0.006875
-0.009085
-0.008805
-0.012148
-0.012356
-0.010846
-0.014113
-0.010687
-0.009933
-0.011148
-0.007752
-0.010041
-0.006121
-0.007497
-0.007695
-0.009366
-0.009447
-0.007589
-0.010307
-0.012505
-0.010304
-0.010453
-0.010686
-0.012816
-0.014248
-0.013598
-0.012472
-0.007328
-0.008015
-0.007792
-0.008752
-0.008042
-0.012555
-0.011263
-0.014390
-0.010602
-0.010150
-0.013172
-0.012766
-0.014077
-0.010448
-0.008863
-0.007693
-0.007680
-0.007040
-0.007698
-0.007969
-0.009923
-0.009549
-0.012319
-0.012129
-0.011465
-0.012382
-0.012097
-0.012425
-0.012546
-0.013624
-0.011519
-0.008077
-0.009485
-0.008293
-0.007405
-0.008594
-0.009168
-0.012188
-0.012202
-0.014148
-0.012252
-0.010871
-0.010159
-0.010910
-0.011828
-0.010451
-0.011698
-0.007251
-0.011907
-0.012043
-0.014300
-0.011966
-0.013717
-0.014540
-0.013535
-0.008402
-0.007854
-0.007546
-0.006566
-0.006534
-0.009218
-0.010499
-0.011922
-0.012755
-0.011455
-0.011346
-0.012463
-0.014405
-0.013640
-0.011988
-0.011565
-0.012749
-0.012833
-0.009548
-0.011371
-0.008102
-0.009484
-0.007636
-0.007257
-0.007216
-0.010948
-0.009232
-0.012719
-0.012711
-0.012225
-0.012546
-0.012866
-0.012636
-0.011018
-0.010748
-0.009739
-0.008039
-0.008078
-0.010775
-0.011583
-0.013018
-0.012392
-0.013997
-0.013653
-0.014980
-0.014474
-0.011827
-0.012314
-0.009658
-0.008642
-0.007950
-0.007554
-0.007487
-0.011718
-0.012764
-0.011273
-0.012179
-0.013688
-0.013212
-0.013561
-0.012032
-0.007889
-0.006585
-0.007941
-0.005960
-0.009086
-0.011071
-0.011361
-0.013160
-0.012520
-0.013046
-0.013794
-0.012729
-0.015246
-0.012287
-0.012013
-0.011763
-0.011724
-0.014548
-0.012476
-0.009331
-0.007345
-0.008773
-0.011265
-0.011887
-0.011192
-0.013487
-0.013244
-0.014801
-0.015148
-0.013981
-0.010577
-0.008958
-0.006934
-0.006172
-0.009119
-0.006153
-0.009492
-0.013060
-0.012011
-0.012708
-0.011225
-0.011944
-0.015152
-0.013235
-0.012055
-0.010979
-0.011589
-0.011079
-0.007834
-0.007491
-0.008474
-0.007769
-0.009822
-0.010721
-0.011297
-0.012311
-0.010445
-0.011176
-0.011292
-0.013739
-0.012938
-0.012620
-0.011689
-0.011913
-0.008736
-0.006654
-0.007240
-0.009831
-0.011255
-0.012074
-0.012105
-0.009786
-0.012425
-0.013792
-0.012986
-0.012990
-0.013424
-0.014005
-0.012458
-0.013127
-0.012142
-0.012036
-0.010064
-0.009151
-0.008331
-0.007608
-0.006959
-0.008099
-0.009460
-0.009471
-0.010616
-0.011667
-0.013448
-0.013725
-0.010655
-0.010872
-0.011148
-0.008055
-0.007066
-0.006394
-0.007828
-0.009767
-0.011121
-0.011359
-0.010867
-0.013818
-0.012316
-0.014232
-0.013483
-0.012190
-0.012566
-0.012568
-0.011796
-0.011366
-0.010677
-0.010308
-0.009057
-0.008716
-0.007837
-0.007280
-0.005726
-0.011045
-0.009792
-0.011332
-0.010618
-0.011856
-0.009926
-0.006761
-0.006423
-0.007214
-0.006332
-0.007025
-0.009028
-0.010471
-0.009555
-0.008340
-0.007919
-0.012122
-0.013684
-0.010394
-0.014601
-0.014439
-0.013917
-0.012394
-0.012416
-0.012427
-0.012167
-0.010179
-0.010383
-0.010002
-0.009467
-0.007762
-0.005767
-0.007565
-0.006080
-0.009173
-0.009867
-0.010518
-0.011504
-0.014299
-0.014395
-0.011639
-0.011245
-0.009858
-0.009551
-0.009869
-0.009215
-0.008224
-0.007772
-0.006865
-0.006745
-0.008977
-0.007082
-0.007854
-0.014015
-0.017374
-0.017976
-0.015198
-0.015673
-0.014249
-0.014559
-0.012930
-0.012109
-0.009595
-0.010885
-0.011346
-0.009823
-0.010047
-0.018412
-0.014302
-0.017084
-0.017650
-0.010793
-0.010333
-0.010598
-0.010690
-0.010679
-0.011330
-0.012278
-0.010637
-0.008524
-0.011499
-0.012419
-0.010675
-0.010670
-0.011786
-0.009802
-0.009460
-0.021063
-0.020940
-0.021872
-0.020223
-0.019052
-0.017108
-0.014572
-0.015784
-0.017356
-0.020574
-0.017634
-0.015412
-0.013293
-0.019290
-0.017157
-0.018834
-0.015525
-0.016374
-0.014642
-0.018109
-0.014920
-0.017138
-0.016931
-0.016562
-0.016706
-0.016952
-0.017201
-0.015228
-0.017259
-0.016155
-0.023304
-0.012895
-0.028361
-0.017612
-0.022685
-0.019581
-0.015507
-0.018788
-0.018144
-0.020028
-0.017314
-0.013898
-0.012245
-0.018320
-0.010086
-0.017794
-0.013894
-0.017008
-0.012444
-0.016580
-0.017673
-0.015506
-0.006562
-0.005795
-0.008520
-0.029740
-0.002025
-0.011834
-0.001813
-0.003982
-0.008134
0.000545
-0.000426
0.000159
0.000126
-0.006226
-0.005072
0.000653
-0.000358
0.000547
0.000395
0.000309
0.000637
-0.001006
-0.014758
0.000399
-0.000180
-0.008324
-0.004238
-0.003071
0.000533
-0.000118
-0.010677
-0.000085
-0.005764
0.000538
-0.005529
-0.003181
-0.001170
-0.005042
-0.008782
-0.009934
