58
1 -49 18 Posterior cingulate
1 52 28
-49 -59 23
49 -60 24
-18 28 54
22 24 55
-61 -14 -4
60 -14 -8
4 -8 7
-14 -27 9
-40 8 4
42 8 2
-42 38 27
40 40 20
-55 12 9
56 14 9
1 2 46
-60 -23 27
59 -25 29
-22 -69 44
19 -71 46
-35 -42 43
35 -42 45
-7 -51 -1
5 -51 4
-1 53 16
-40 -63 45
45 -52 47
-42 26 37
45 28 37
-3 -71 35
-40 52 8
42 51 11
-33 21 7
34 20 7
1 -19 11
-20 -69 -21
23 -69 -20
2 -66 -9
-46 23 14
12 -85 25
-42 -69 1
42 -70 -9
10 -14 9
-53 -23 18
52 -27 19
-56 0 8
59 0 5
45 40 15
0 -15 10
-1 -18 56
-20 -18 57
21 -18 58
-29 -40 54
29 -38 55
5 46 14
1 -2 -11
2 -72 -29
